NAME : single_second
TYPE : ATSP
DIMENSION : 14
EDGE_WEIGHT_TYPE : EXPLICIT
EDGE_WEIGHT_FORMAT : FULL_MATRIX
EDGE_WEIGHT_SECTION
0 51 270 257 241 216 164 122 184 29 91 153 215 223 
51 0 226 218 213 211 170 145 231 30 63 122 183 182 
270 226 0 50 113 209 235 274 406 241 184 132 95 53 
257 218 50 0 63 162 195 240 375 228 166 106 53 39 
241 213 113 63 0 100 142 195 330 213 152 91 35 79 
216 211 209 162 100 0 62 125 249 197 150 118 115 164 
164 170 235 195 142 62 0 62 190 150 118 115 142 184 
122 145 274 240 195 125 62 0 135 118 115 142 187 221 
184 231 406 375 330 249 190 135 0 201 232 274 322 353 
29 30 241 228 213 197 150 118 201 0 62 125 187 194 
91 63 184 166 152 150 118 115 232 62 0 62 125 134 
153 122 132 106 91 118 115 142 274 125 62 0 62 80 
215 183 95 53 35 115 142 187 322 187 125 62 0 50 
223 182 53 39 79 164 184 221 353 194 134 80 50 0 
EOF