NAME : city031
COMMENT : a comment by the user
TYPE : TSP
DIMENSION : 49
EDGE_WEIGHT_TYPE : EXPLICIT
EDGE_WEIGHT_FORMAT: FULL_MATRIX
EDGE_WEIGHT_SECTION
0 435577 390032 427397 466309 507294 487409 471189 459025 413280 368815 323519 311873 308000 264000 220000 176000 132000 88000 44000 57697 55027 79397 114490 154042 194095 234829 276925 318276 359777 403238 400004 402869 451558 501303 552178 557154 564925 575379 588371 603739 621305 640890 662314 685405 710000 735949 763112 568684
435577 0 70007 84314 116400 156524 181813 214112 250726 227844 213243 209000 259000 308000 311126 320324 335094 354739 378502 405659 490396 462276 437154 414772 395182 379790 368566 361795 360049 363185 370600 323363 275797 295771 322615 354464 326381 301006 279078 261467 249088 242744 242909 249569 262230 280080 302200 327727 146840
390032 70007 0 46000 92000 139000 146413 166688 195869 165855 145464 139003 189002 238002 242216 254096 272640 296602 324784 356186 442330 410829 382231 356299 333160 314617 300832 292350 290043 293783 302988 256672 210667 236008 268700 306271 283340 264503 250683 242738 241250 246337 257608 274302 295502 320315 347968 377838 178664
427397 84314 46000 0 46000 93000 103754 130816 166412 145464 138000 146731 194756 242596 254803 273622 297800 326148 357677 391618 478016 444599 413672 384849 358050 335147 316189 301643 292883 290001 292482 244182 195256 211981 238403 271562 245409 223396 206847 197144 195310 201558 215188 234917 259356 287308 317845 350294 145454
466309 116400 92000 46000 0 47000 65764 103310 145784 138000 145464 167242 210641 255524 274614 299006 327519 359172 393208 429060 515340 480405 447639 416534 386828 360410 337170 317397 302768 293470 289001 240002 190002 195969 213784 240669 210717 184613 164201 151795 149405 157486 174590 198398 226808 258306 291893 326928 120933
507294 156524 139000 93000 47000 0 46000 92000 138000 145784 166412 197284 235204 276123 300832 329587 361424 395600 431559 468892 554823 518652 484400 451459 419415 390155 363401 339228 319462 304243 292959 244752 195969 190002 196725 214767 180568 149281 123146 106042 102591 114039 136693 166027 199110 234360 270933 308358 111004
487409 181813 146413 103754 65764 46000 0 46000 92000 103310 130816 168074 200122 237621 265932 298073 332938 369756 408000 447303 532226 494404 458344 423381 389030 357291 327867 300852 278373 260768 247695 199849 151789 144003 152764 175650 144958 119887 104560 103406 116846 140758 170801 204286 239776 276501 314027 352097 157003
471189 214112 166688 130816 103310 92000 46000 0 46000 65764 103754 147678 170320 202277 234887 270739 308706 348097 388479 429571 512769 473396 435600 398647 361957 327604 295237 264915 239081 218330 202763 155589 109123 98005 110476 140758 116846 103406 104560 119887 144958 175650 209506 245220 282086 319707 357844 396349 203002
459025 250726 195869 166412 145784 138000 92000 46000 0 47000 93000 140003 149000 172046 209418 248965 289799 331445 373630 416192 496822 456074 416710 377915 338988 302034 266580 232551 202632 177673 158445 112729 70767 52009 72835 114039 102591 106042 123146 149281 180568 214767 250689 287689 325399 363600 402150 440959 249002
413280 227844 165855 145464 138000 145784 103310 65764 47000 0 46000 93005 106066 136561 169614 206787 246221 286986 328586 370741 452305 412059 373343 335417 297724 262488 229538 199361 175137 158521 151003 102004 52009 70767 110941 157486 149405 151795 164201 184613 210717 240669 273206 307509 343048 379475 416559 454138 253584
368815 213243 145464 138000 145464 166412 130816 103754 93000 46000 0 47010 69354 110494 135207 168002 205039 244395 285112 326681 409272 369693 331856 295149 259237 226556 197433 173184 157432 152003 157562 111485 68767 107424 153101 201558 195310 197144 206847 223396 245409 271562 300775 332243 365384 399782 435139 471238 266152
323519 209000 139003 146731 167242 197284 168074 147678 140003 93005 47010 0 50000 99000 108337 132457 165000 201933 241248 281952 365636 326957 290353 255415 222193 193499 170417 155232 151119 158445 175965 136619 105190 149939 197691 247111 242206 243852 251920 265827 284717 307675 333862 362579 393273 425516 458981 493420 287020
311873 259000 189002 194756 210641 235204 200122 170320 149000 106066 69354 50000 0 49000 65855 100722 140801 182693 225390 268508 347979 307084 267777 229427 191755 157613 128226 107224 101178 111825 135882 105190 92005 141003 191002 242000 245283 254880 270118 290110 313949 340828 370086 401203 433778 467508 502159 537553 331483
308000 308000 238002 242596 255524 276123 237621 202277 172046 136561 110494 99000 49000 0 44000 88000 132000 176000 220000 264000 337035 294625 253392 212461 171093 131700 94578 63245 52345 70767 105190 92021 103768 148946 196939 246910 257846 274235 295169 319757 347224 376941 408417 441276 475231 510063 545605 581725 376406
264000 311126 242216 254803 274614 300832 265932 234887 209418 169614 135207 108337 65855 44000 0 44000 88000 132000 176000 220000 293640 251435 210523 170141 129865 92913 62681 52611 72138 105678 145248 136014 144222 191125 239852 290167 299527 313746 332200 354227 379205 406591 435932 466858 499076 532350 566495 601362 395001
220000 320324 254096 273622 299006 329587 298073 270739 248965 206787 168002 132457 100722 88000 44000 0 44000 88000 132000 176000 250457 208585 168237 128949 91263 61587 52773 73539 107424 145602 187085 180011 186290 233976 283098 333618 341790 354317 370757 390616 413401 438658 465983 495036 525529 557226 589933 623490 417423
176000 335094 272640 297800 327519 361424 332938 308706 289799 246221 205039 165000 140801 132000 88000 44000 0 44000 88000 132000 207617 166337 127121 90443 60539 53150 74249 109178 147472 187360 229732 224008 229085 277187 326547 377196 384443 395622 410410 428435 449307 472648 498113 525392 554217 584360 615627 647855 443091
132000 354739 296602 326148 359172 395600 369756 348097 331445 286986 244395 201933 182693 176000 132000 88000 44000 0 44000 88000 165387 125299 88814 60033 53600 75690 110059 149345 189282 229956 272809 268007 272264 320613 370125 420862 427369 437452 450871 467338 486543 508178 531944 557570 584811 613453 643307 674214 471476
88000 378502 324784 357677 393208 431559 408000 388479 373630 328586 285112 241248 225390 220000 176000 132000 88000 44000 0 44000 124390 87200 59059 53851 77155 111825 150283 191206 231905 272998 316140 312006 315670 364177 413793 464591 470494 479671 491940 507074 524828 544944 567172 591274 617029 644239 672729 702342 502117
44000 405659 356186 391618 429060 468892 447303 429571 416192 370741 326681 281952 268508 264000 220000 176000 132000 88000 44000 0 86400 58137 54405 77897 113600 152161 192169 233854 274961 316303 359634 356005 359221 407834 457524 508366 513767 522184 533476 547464 563947 582715 603553 626256 650628 676488 703673 732036 534626
57697 490396 442330 478016 515340 554823 532226 512769 496822 452305 409272 365636 347979 337035 293640 250457 207617 165387 124390 86400 0 43000 85000 127000 170000 212000 254000 297000 339000 381000 425001 427931 436606 484433 533456 583803 592035 602815 616008 631463 649019 668510 689772 712647 736984 762644 789497 817426 620867
55027 462276 410829 444599 480405 518652 494404 473396 456074 412059 369693 326957 307084 294625 251435 208585 166337 125299 87200 58137 43000 0 42000 84000 127000 169000 211000 254000 296000 338000 382001 385258 394872 442448 491285 541502 550368 561947 576077 592574 611248 631905 654358 678428 703949 730770 758752 787772 588695
79397 437154 382231 413672 447639 484400 458344 435600 416710 373343 331856 290353 267777 253392 210523 168237 127121 88814 59059 54405 85000 42000 0 42000 85000 127000 169000 212000 254000 296000 340001 343656 354400 401647 450245 500300 509883 522360 537532 555176 575066 596976 620693 646019 672771 700785 729918 760040 558678
114490 414772 356299 384849 416534 451459 423381 398647 377915 335417 295149 255415 229427 212461 170141 128949 90443 60033 53851 77897 127000 84000 42000 0 43000 85000 127000 170000 212000 254000 298001 302165 314331 361121 409400 459243 469664 483182 499544 518483 539726 563014 588102 614772 642825 672090 702413 733665 530292
154042 395182 333160 358050 386828 419415 389030 361957 338988 297724 259237 222193 191755 171093 129865 91263 60539 53600 77155 113600 170000 127000 85000 43000 0 42000 84000 127000 169000 211000 255001 259855 273906 320024 367853 417403 428842 443605 461374 481815 504604 529439 556044 584179 613633 644225 675800 708227 503206
194095 379790 314617 335147 360410 390155 357291 327604 302034 262488 226556 193499 157613 131700 92913 61587 53150 75690 111825 152161 212000 169000 127000 85000 42000 0 42000 85000 127000 169000 213002 218789 235306 280435 327633 376789 389422 405622 424982 447090 471561 498046 526241 555886 586762 618684 651498 685076 479004
234829 368566 300832 316189 337170 363401 327867 295237 266580 229538 197433 170417 128226 94578 62681 52773 74249 110059 150283 192169 254000 211000 169000 127000 84000 42000 0 43000 85000 127000 171002 178160 198093 241660 287923 336514 350602 368513 389720 413717 440047 468318 498198 529416 561749 595014 629064 663778 457384
276925 361795 292350 301643 317397 339228 300852 264915 232551 199361 173184 155232 107224 63245 52611 73539 109178 149345 191206 233854 297000 254000 212000 170000 127000 85000 43000 0 42000 84000 128003 137419 162431 203295 248050 295778 311713 331730 355140 381320 409737 439960 471640 504504 538335 572961 608247 644084 438326
318276 360049 290043 292883 302768 319462 278373 239081 202632 175137 157432 151119 101178 52345 72138 107424 147472 189282 231905 274961 339000 296000 254000 212000 169000 127000 85000 42000 0 42000 86005 99478 131893 168002 210297 256704 274912 297417 323321 351876 382487 414701 448170 482635 517896 553802 590234 627102 423114
359777 363185 293783 290001 293470 304243 260768 218330 177673 158521 152003 158445 111825 70767 105678 145602 187360 229956 272998 316303 381000 338000 296000 254000 211000 169000 127000 84000 42000 0 44011 66603 109252 136561 174496 218716 239827 265324 294069 325203 358101 392322 427547 463548 500156 537249 574732 612533 411643
403238 370600 302988 292482 289001 292959 247695 202763 158445 151003 157562 175965 135882 105190 145248 187085 229732 272809 316140 359634 425001 382001 340001 298001 255001 213002 171002 128003 86005 44011 0 49000 99000 110462 140007 180277 205182 234307 266270 300166 335410 371618 408533 445982 483838 522015 560446 599082 402990
400004 323363 256672 244182 240002 244752 199849 155589 112729 102004 111485 136619 105190 92021 136014 180011 224008 268007 312006 356005 427931 385258 343656 302165 259855 218789 178160 137419 99478 66603 49000 0 50000 70007 110909 158432 175445 199150 227466 258884 292405 327385 363401 400176 437516 475290 513401 551779 354403
402869 275797 210667 195256 190002 195969 151789 109123 70767 52009 68767 105190 92005 103768 144222 186290 229085 272264 315670 359221 436606 394872 354400 314331 273906 235306 198093 162431 131893 109252 99000 50000 0 49000 99000 150003 155502 170472 192720 220047 250800 283867 318529 354317 390923 428136 465812 503846 304962
451558 295771 236008 211981 195969 190002 144003 98005 52009 70767 107424 149939 141003 148946 191125 233976 277187 320613 364177 407834 484433 442448 401647 361121 320024 280435 241660 203295 168002 136561 110462 70007 49000 0 50000 101004 109004 129468 157613 190057 224948 261308 298600 336514 374862 413523 452417 491489 301000
501303 322615 268700 238403 213784 196725 152764 110476 72835 110941 153101 197691 191002 196939 239852 283098 326547 370125 413793 457524 533456 491285 450245 409400 367853 327633 287923 248050 210297 174496 140007 110909 99000 50000 0 51009 65436 95718 131308 168884 207369 246337 285590 325026 364584 404230 443939 483696 305124
552178 354464 306271 271562 240669 214767 175650 140758 114039 157486 201558 247111 242000 246910 290167 333618 377196 420862 464591 508366 583803 541502 500300 459243 417403 376789 336514 295778 256704 218716 180277 158432 150003 101004 51009 0 40000 80000 120000 160000 200000 240000 280000 320000 360000 400000 440000 480000 316545
557154 326381 283340 245409 210717 180568 144958 116846 102591 149405 195310 242206 245283 257846 299527 341790 384443 427369 470494 513767 592035 550368 509883 469664 428842 389422 350602 311713 274912 239827 205182 175445 155502 109004 65436 40000 0 40000 80000 120000 160000 200000 240000 280000 320000 360000 400000 440000 278928
564925 301006 264503 223396 184613 149281 119887 103406 106042 151795 197144 243852 254880 274235 313746 354317 395622 437452 479671 522184 602815 561947 522360 483182 443605 405622 368513 331730 297417 265324 234307 199150 170472 129468 95718 80000 40000 0 40000 80000 120000 160000 200000 240000 280000 320000 360000 400000 242076
575379 279078 250683 206847 164201 123146 104560 104560 123146 164201 206847 251920 270118 295169 332200 370757 410410 450871 491940 533476 616008 576077 537532 499544 461374 424982 389720 355140 323321 294069 266270 227466 192720 157613 131308 120000 80000 40000 0 40000 80000 120000 160000 200000 240000 280000 320000 360000 206400
588371 261467 242738 197144 151795 106042 103406 119887 149281 184613 223396 265827 290110 319757 354227 390616 428435 467338 507074 547464 631463 592574 555176 518483 481815 447090 413717 381320 351876 325203 300166 258884 220047 190057 168884 160000 120000 80000 40000 0 40000 80000 120000 160000 200000 240000 280000 320000 172629
603739 249088 241250 195310 149405 102591 116846 144958 180568 210717 245409 284717 313949 347224 379205 413401 449307 486543 524828 563947 649019 611248 575066 539726 504604 471561 440047 409737 382487 358101 335410 292405 250800 224948 207369 200000 160000 120000 80000 40000 0 40000 80000 120000 160000 200000 240000 280000 142130
621305 242744 246337 201558 157486 114039 140758 175650 214767 240669 271562 307675 340828 376941 406591 438658 472648 508178 544944 582715 668510 631905 596976 563014 529439 498046 468318 439960 414701 392322 371618 327385 283867 261308 246337 240000 200000 160000 120000 80000 40000 0 40000 80000 120000 160000 200000 240000 117477
640890 242909 257608 215188 174590 136693 170801 209506 250689 273206 300775 333862 370086 408417 435932 465983 498113 531944 567172 603553 689772 654358 620693 588102 556044 526241 498198 471640 448170 427547 408533 363401 318529 298600 285590 280000 240000 200000 160000 120000 80000 40000 0 40000 80000 120000 160000 200000 102961
662314 249569 274302 234917 198398 166027 204286 245220 287689 307509 332243 362579 401203 441276 466858 495036 525392 557570 591274 626256 712647 678428 646019 614772 584179 555886 529416 504504 482635 463548 445982 400176 354317 336514 325026 320000 280000 240000 200000 160000 120000 80000 40000 0 40000 80000 120000 160000 102961
685405 262230 295502 259356 226808 199110 239776 282086 325399 343048 365384 393273 433778 475231 499076 525529 554217 584811 617029 650628 736984 703949 672771 642825 613633 586762 561749 538335 517896 500156 483838 437516 390923 374862 364584 360000 320000 280000 240000 200000 160000 120000 80000 40000 0 40000 80000 120000 117477
710000 280080 320315 287308 258306 234360 276501 319707 363600 379475 399782 425516 467508 510063 532350 557226 584360 613453 644239 676488 762644 730770 700785 672090 644225 618684 595014 572961 553802 537249 522015 475290 428136 413523 404230 400000 360000 320000 280000 240000 200000 160000 120000 80000 40000 0 40000 80000 142130
735949 302200 347968 317845 291893 270933 314027 357844 402150 416559 435139 458981 502159 545605 566495 589933 615627 643307 672729 703673 789497 758752 729918 702413 675800 651498 629064 608247 590234 574732 560446 513401 465812 452417 443939 440000 400000 360000 320000 280000 240000 200000 160000 120000 80000 40000 0 40000 172629
763112 327727 377838 350294 326928 308358 352097 396349 440959 454138 471238 493420 537553 581725 601362 623490 647855 674214 702342 732036 817426 787772 760040 733665 708227 685076 663778 644084 627102 612533 599082 551779 503846 491489 483696 480000 440000 400000 360000 320000 280000 240000 200000 160000 120000 80000 40000 0 206400
568684 146840 178664 145454 120933 111004 157003 203002 249002 253584 266152 287020 331483 376406 395001 417423 443091 471476 502117 534626 620867 588695 558678 530292 503206 479004 457384 438326 423114 411643 402990 354403 304962 301000 305124 316545 278928 242076 206400 172629 142130 117477 102961 102961 117477 142130 172629 206400 0
EOF
